Jab			4				[6,7,8]			4		[10,12,15]/50		[80,35,30]		3		2		25		15		-22			[-20,-19,-18]
Jab2		2				[14,20,6]		3		[35,50,15]/25		[20,15,361]		3		2		25		20		-23			[-12,-6,-20]
Jab3		4(+6)			26				4		40/150				361				3		2		37		35		-34			-12
F-Tilt		5,6				22				5		10/110,25/150		50				6		4		34		32		-32			-15
U-Tilt		[10,9,9,8]		[22,21]			[6,5]	30/[105,110,115]	[85,80,75,80]	6		4		34		33		[-31,-32]	[-15,-16]
D-Tilt		8				20				5		30/100				[60,68,75]		8		2		22		23		-18			-3
Dash		9(+1)			27				6		35/100				[98/74]			10		5		25		40		-23			-2
F-Smash		5,10			29				6		79/0,[25,40,45]/0,45/115	[15,10,0],[70,361,20],361	10	4[1]2	36	42	-31	-8
U-Smash		[15,13,12,11]	[38,28,27,22]	[8,7]	[60,40,45,25]/100	[85,100,40]		7		14		24		47		[-29,-30]	[1,-9,-10,-15]
D-Smash		[15,13,11]		[24,22,18]		[8,7,6]	[25,20]/100			[37,361]		7		2[4]2	24		---		[-17,-18,-19]	[-1,-3,-7]
N-Air Landing	2			8				3		10/75				290				---		2		13/5/2	---		-11/-3		-6/2
N-Air		4,2				13				3		0/20/100			365				6		2[2]2[2]2[2]2[2]2		23		---		-12/-4/-1	15/7/4			>34
F-Air		[11,15]			[15,24]			[6,8]	[15/90,25/100]		[80,70]			10		4		20		30		[-20/-7/2]~[-18/-5/4]		26/13/4			>27
B-Air		[14,11]			[22,18]			7		[22,11]/102			361				6		4		21		29		-13/-3/3		20/10/4			>22
U-Air		11				18				6		20/100				[57,50]			6		5		25		30		-16/-5/2		22/11/4			<6,>28
D-Air		[15,14]			[24,19]			[8,7]	[30/85,15/100]		[290,270]		12		3		24		37		[-15/-3/4]~[-16/-4/3]		23/11/4			<4,>35
N-B			(3)5~2(+28)		9				4		0/[125,110,100]		(20)65			10		2		32		39		-29			-24
F-B			3,3,10			30,28,24		4,6		68/60,66/45,35/105	60,80,361		18		2[1]2	44		---		-39			-21
U-B			8				18				5		30/80				263				22		4[1]24	41		32		-59			-46
D-B			5				35				4		70/100				70				---		1		27		---		-23			8
