Jab			4		5		4		8/38		[50,60]	2		3		15		18		-13		-12
Jab2		6		17		5		25/100		361		2		3		15		---		-12		0
F-Tilt(High)	13	24		7		40/80		[80.70,60]	5		3		22		30		-17		0
F-Tilt(Mid)	12		24		7		40/80		[80,70,60]	5		3		22		30		-17		0
F-Tilt(Low)	11		23		6		40/80		[80,70,60]	5		3		22		30		-18		-1
U-Tilt		[9,7]	[24,23]	[6,5]	36/[112,109]	90	5		6		25		20		[-24,-25]	[-6,-7]
D-Tilt		10		33		6		0/100/100	28		7		3		14		24		-10		17
Dash		[11,7]	16(13)	6(5)	15/100		361		9		14		21		42		-28(-29)	-18(-21)
F-Smash		17		45		8		32/98		361		14		3		40		45		-34		3
U-Smash		16		24		8		26/101		75		11		6		28		41		-25		-9
D-Smash		14,13	29,26	7		50/80,50/64	30		7		3[11]2	28		---		-22		-3
N-Air		[14,10]	[18,9]	[7,6]	[15,0]/100	361		2		31		15		45		[-8/0/3]~[-9/-1/2]		15/7/4		<3,>35
F-Air		17		23		8		30/80		270		15		3		29		44		-13/-2/4		21/10/4		<7,>35
B-Air		7,6,5,4	11,15,26	5,4	10,20,50/100	60	9		3[3]3[4]3[2]3	10	---	-11/-3/0		15/7/4		<10,>33
U-Air		13		21		7		25/100		90		4		2		39		39		-12/-2/3		19/9/4		<5,>37
D-Air		3*13,2	7,8		4		5/[90,102]	270		15		1[1]1[1]1[1]1[1]1[1]1[1]1[1]1[1]1[1]1[1]1	18	53	-20/-8/0	24/12/4	<2,>49
N-B			1,13	32		7		60/80		20		16		2		22		---		-16		9
F-B			4~12,5	20		4		50/70,43/54	80		11		1[12]2	17		---		-14		2
U-B			1,8		9,10	3,5		20/40		70		16		---		37		---		-32		-27
D-B			4,16(+10),4	29,35,20	4,8,4	0/85/100,50/100,40/50	70,80,50	4	2[18]2	40	---	-33(-37) -6(-11)
